ISS (ZARYA)             
1 25544U 98067A   22194.51466271  .00006028  00000+0  11379-3 0  9999
2 25544  51.6428 206.1919 0004833   7.6129 121.4090 15.49927705349269
SIMPL                   
1 42983U 98067NF  22194.03409095  .00495160  13881-3  46613-3 0  9996
2 42983  51.6244  44.1460 0003189 266.8486  93.2164 16.11420242269049
AEROCUBE 12A            
1 43556U 18046C   22194.07627592  .00021854  00000+0  54572-3 0  9993
2 43556  51.6380  58.8877 0007779 127.3201 232.8494 15.40064112223268
AEROCUBE 12B            
1 43557U 18046D   22193.85155342  .00019799  00000+0  53067-3 0  9991
2 43557  51.6383  64.8153 0007946 122.7777 237.3973 15.37954948223116
LEMUR-2-VU              
1 43558U 18046E   22193.87316456  .00043836  00000+0  82437-3 0  9991
2 43558  51.6383  40.7244 0007968 134.2249 225.9395 15.48089691223484
LEMUR-2-ALEXANDER       
1 43559U 18046F   22193.82169799  .00053345  00000+0  96542-3 0  9991
2 43559  51.6385  38.9101 0007905 139.3220 220.8361 15.49102348223285
LEMUR-2-YUASA           
1 43560U 18046G   22193.84132943  .00053004  00000+0  98594-3 0  9997
2 43560  51.6390  41.2644 0008016 144.7189 215.4331 15.48319135223471
LEMUR-2-TOMHENDERSON    
1 43561U 18046H   22193.79233915  .00043408  00000+0  86907-3 0  9995
2 43561  51.6394  44.6437 0007602 145.9074 214.2402 15.46285073222981
ISS DEB (SEDA-AP)       
1 43870U 98067PU  22194.15553190  .00116112  00000+0  39841-3 0  9998
2 43870  51.6299  96.2004 0003102  70.5857 289.5483 15.88806368202999
ISS DEB                 
1 44303U 98067QA  22194.18803553  .03131849  12116-4  64330-3 0  9998
2 44303  51.6138 114.4805 0006387 245.9065 114.1290 16.30325992178046
RED-EYE 1 (PINOT)       
1 44364U 98067QJ  22194.13436406  .00561585  16660-3  69142-3 0  9993
2 44364  51.6261 119.5597 0000645   3.2244 356.8773 16.07314015173560
STPSAT-4                
1 45043U 98067QY  22193.87293682  .00114512  00000+0  61443-3 0  9992
2 45043  51.6323 165.3670 0004039  11.4217 348.6875 15.79412747139515
SORTIE                  
1 45264U 98067RH  22193.87772316  .00137539  00000+0  62421-3 0  9994
2 45264  51.6364 159.4462 0003519   7.6014 352.5042 15.82963155136269
ICS-EF (ISS DEB)        
1 45265U 98067RJ  22193.97574941  .00033108  00000+0  35555-3 0  9995
2 45265  51.6352 183.3486 0003864 316.2414  43.8274 15.63452167135637
RED-EYE 2 (MERLOT)      
1 45800U 98067RM  22194.03927247  .00052682  00000+0  39801-3 0  9995
2 45800  51.6360 173.3343 0003806  17.0075 343.1050 15.71901565117635
RED-EYE 3 (CABERNET)    
1 45809U 98067RN  22194.16972505  .00049738  00000+0  37700-3 0  9999
2 45809  51.6365 172.7096 0003578  12.0790 348.0293 15.71849355116632
ISS DEB                 
1 47853U 98067RZ  22193.73552370  .00009250  00000+0  14695-3 0  9999
2 47853  51.6393 204.3379 0002781  85.1717 274.9591 15.54098984 75845
MMSATS-1                
1 47976U 98067SJ  22194.15697163  .00019638  00000+0  24372-3 0  9996
2 47976  51.6387 195.7611 0002625  63.3276 341.3643 15.60020144 74274
TIANHE                  
1 48274U 21035A   22194.13292203  .00044084  00000+0  48664-3 0  9996
2 48274  41.4721  61.0028 0003623 265.2127 239.4787 15.62262878 68823
ISS DEB                 
1 48833U 98067SK  22194.02506608  .00062592  00000+0  58482-3 0  9994
2 48833  51.6332 192.6956 0003305  50.3068 309.8219 15.66675510 63169
RAMSAT                  
1 48850U 98067SL  22194.15100555  .00090240  00000+0  61843-3 0  9994
2 48850  51.6342 186.0305 0003170  62.6566 297.4755 15.73974396 61373
BD-28                   
1 48867U 98067SN  22193.68296268  .00145050  00000+0  78020-3 0  9991
2 48867  51.6263 185.0672 0004114  39.0738 321.0559 15.79251927 60095
ISS (NAUKA)             
1 49044U 21066A   22193.85735855  .00005271  00000+0  10057-3 0  9999
2 49044  51.6433 209.4491 0004760   3.8831  55.1272 15.49915617349167
TIANZHOU-3              
1 49222U 21085A   22193.80439190  .00029923  00000+0  33493-3 0  9995
2 49222  41.4730  63.0015 0003933 292.9292 161.5905 15.62045588 68777
FREGAT DEB              
1 49271U 11037PF  22193.66464937  .00018495  00000+0  11914+0 0  9998
2 49271  51.6564 165.3590 0762793  89.9266 278.8883 11.87626528 50189
BINAR-1                 
1 49272U 98067SR  22193.84769328  .00133557  00000+0  89423-3 0  9990
2 49272  51.6310 191.4701 0007144  38.2946 321.8559 15.74317450 43662
MAYA-3                  
1 49273U 98067SS  22194.09937585  .00384154  66803-4  11817-2 0  9991
2 49273  51.6252 183.3065 0008436  45.2786 314.8905 15.91211278 43797
MAYA-4                  
1 49274U 98067ST  22193.82812423  .00353979  57045-4  12028-2 0  9999
2 49274  51.6276 185.2631 0008265  41.4609 318.7022 15.89276721 43745
CUAVA-1                 
1 49275U 98067SU  22193.88305951  .00155948  00000+0  76231-3 0  9996
2 49275  51.6296 187.7531 0008461  45.0795  29.2525 15.81270960 43662
CAPSAT                  
1 49276U 98067SV  22193.86000326  .00159917  00000+0  98988-3 0  9996
2 49276  51.6343 191.5833 0007433  42.6541 317.5035 15.76028405 42728
PR-CUNAR 2              
1 49277U 98067SW  22193.97624900  .00223612  00000+0  11045-2 0  9991
2 49277  51.6218 188.4727 0008407  42.6013 317.5640 15.80848611 42741
1998-067TD              
1 51441U 98067TD  22193.83654800  .00073004  00000+0  75093-3 0  9996
2 51441  51.6351 201.1929 0008142 349.6933  10.3894 15.64168004 26147
PATCOOL                 
1 51442U 98067TE  22193.74628054  .00068046  00000+0  69157-3 0  9993
2 51442  51.6337 201.3245 0008424 353.8442   6.2448 15.64498480 26097
LIGHT-1                 
1 51509U 98067TG  22193.73565193  .00036337  00000+0  43263-3 0  9998
2 51509  51.6377 203.5316 0008413 339.8578  20.2083 15.60707966 24840
PROGRESS-MS 19          
1 51660U 22014A   22193.85735855  .00005271  00000+0  10057-3 0  9990
2 51660  51.6433 209.4491 0004760   3.8831  55.1272 15.49915617349164
SOYUZ-MS 21             
1 52086U 22028A   22193.85735855  .00005271  00000+0  10057-3 0  9998
2 52086  51.6433 209.4491 0004760   3.8831  55.1272 15.49915617349167
IHI-SAT                 
1 52147U 98067TJ  22193.45815930  .00042691  00000+0  55902-3 0  9996
2 52147  51.6352 207.6601 0006199  19.3322 340.7904 15.58138647 17216
KITSUNE                 
1 52148U 98067TK  22194.21187534  .00016682  00000+0  24534-3 0  9992
2 52148  51.6420 205.0962 0005220  12.1056  40.5735 15.55578764 17250
CREW DRAGON 4           
1 52318U 22042A   22193.85735855  .00005271  00000+0  10057-3 0  9992
2 52318  51.6433 209.4491 0004760   3.8831  55.1272 15.49915617349165
TIANZHOU-4              
1 52509U 22050A   22193.80439190  .00029923  00000+0  33493-3 0  9990
2 52509  41.4730  63.0015 0003933 292.9292 161.5905 15.62045588 68779
PROGRESS-MS 20          
1 52795U 22059A   22193.85735855  .00005271  00000+0  10057-3 0  9999
2 52795  51.6433 209.4491 0004760   3.8831  55.1272 15.49915617349164
SHENZHOU 14             
1 52797U 22060A   22193.80439190  .00029923  00000+0  33493-3 0  9990
2 52797  41.4730  63.0015 0003933 292.9292 161.5905 15.62045588 68778
OBJECT TP               
1 52952U 98067TP  22187.14708027  .00030013  00000+0  52108-3 0  9997
2 52952  51.6438 242.6726 0006255 324.0229  77.2471 15.50564955   509
